time,x,y,z,phi,theta,psi,x_velocity,y_velocity,z_velocity,phi_velocity,theta_velocity,psi_velocity,rotor_speed1,rotor_speed2,rotor_speed3,rotor_speed4
0.06,-5.141179773302534e-06,1.616451381586218e-05,10.00314449276393,0.0045515221178051846,0.0011283473495797836,0.0,-0.00030052600696307857,0.000983563570914614,0.10481111507236973,0.022201357896747816,-0.012897888150065574,0.0,439.2249619180857,438.15424566608897,437.23477427752726,439.08009789201384
0.12000000000000001,-4.799096083773055e-05,0.00019163326178444555,10.015195154866069,0.006990554266012694,0.0008650677132653328,0.0,-0.0010895494358612282,0.0051353006865589,0.29684525598304423,0.032588931557568514,-0.006178845252917077,0.0,464.48075430403617,465.0074273809081,465.2773409833214,466.0898333760724
0.18,-0.00013547940585897033,0.0007052340979566727,10.042663657968964,0.010026794192146582,0.0006085291152952976,0.0,-0.0017884094888571652,0.012379486966803566,0.61865026696976,0.04284078161563805,-0.003487407529607067,0.0,503.51434222367715,503.7090804694719,501.0454945161016,501.7905698617719
0.23999999999999996,-0.0002846954341424502,0.001669370258349763,10.083019587021218,0.012963040890276112,0.007662288634127101,0.0,-0.003944841066270849,0.020068798080458722,0.7264786917192595,0.034907330885912316,-0.034234014832583606,0.0,440.35702292746294,437.8066492046452,440.8524974088878,440.1974330206048
0.3,-0.0007186630564479504,0.0032322464507601205,10.134153142062589,0.01943946129239471,0.008244264613820995,0.0,-0.010615515799955793,0.03286029584080851,0.9777785711708302,0.010744684591351781,-0.05326012010081601,0.0,484.407698385352,482.97430412731916,483.47955383263843,481.65602789681606
0.36000000000000004,-0.0015270822650205248,0.005616936204091052,10.196257007823382,0.02024981558462091,0.007889155047786645,0.0,-0.01627603233882924,0.04670811226744322,1.0922461059471988,0.014162120071863371,-0.03595902507524542,0.0,441.46173927806143,442.88545060852795,442.67288714753516,442.9538573990206
0.4200000000000001,-0.0026608911656898866,0.008836144022577663,10.264342441801851,0.022429756848008964,0.0070715236325265,0.0,-0.02144932435085206,0.06080301314448958,1.1771802245221197,0.025653235395693544,-0.0498961855249587,0.0,433.1242122018285,431.9496798763085,433.6982964243087,434.66222098997287
0.48000000000000015,-0.0040920839923795065,0.01296156496139553,10.338185967582046,0.02461926622519517,0.006440863155501297,0.0,-0.02617524226057046,0.07694426017095993,1.2841508121427128,0.015538104451907724,-0.034214077481752085,0.0,439.9592003698002,441.25438197049965,440.94226111690966,440.10597197047247
0.5400000000000001,-0.005839105321184041,0.018205631628962143,10.422776079232241,0.02598257724650388,0.009070115021782676,0.0,-0.03241493586517919,0.09803017220880421,1.5352087819741265,0.007046796448330219,-0.0591480773936412,0.0,484.8771957079726,482.99970089074503,484.67734008832224,484.0386787888267
0.6000000000000002,-0.007960470315040595,0.0246334703766247,10.518182347644801,0.026393486227886953,0.005516806700438082,0.0,-0.03793066332210361,0.11627070774967525,1.6448496711257852,0.005736914010359833,-0.061302372715571894,0.0,443.1627646985275,442.98312429982946,441.693659327529,441.58552224817856
0.6600000000000003,-0.010370485717643194,0.03231548568000876,10.625862601857097,0.026973799744249405,0.0027115027889825782,0.0,-0.04204727521634275,0.1398545491374205,1.944031598572225,0.009993294993818685,-0.07280719835585403,0.0,498.85240724867475,498.0090384709614,498.85177477604225,499.1623416467768
0.7200000000000003,-0.01299076956829122,0.04139276395592586,10.750141184972552,0.02788119272680234,0.008277452283569353,0.0,-0.046033932681827705,0.1628154237346999,2.1981267280182513,0.014988082731391978,-0.10855575777298114,0.0,488.1155930884035,485.435306434093,486.9005622769849,487.27393752862366
0.7800000000000004,-0.015903530199142424,0.051740084355010256,10.884947344037151,0.029297657495051865,0.0028964070231936034,0.0,-0.05052347013027866,0.18222638205813613,2.295220345364543,0.021756828607566846,-0.12147475260411641,0.0,440.5045962827708,439.4235319024379,441.2795040190335,441.837803831471
0.8400000000000004,-0.01896932590329209,0.06330572681965793,11.024755044651858,0.04460347039505841,6.279981559398568,0.0,-0.05106424916681875,0.20474478320099182,2.3648410823176147,0.06156261148869729,-0.11067379557888077,0.0,431.6969995974173,432.5944966968979,431.07833722295845,434.42955090344344
0.9000000000000005,-0.02193126689658103,0.07664703685923482,11.172211477560982,0.04917663307176934,6.273647457160161,0.0,-0.04693707361862884,0.24048382816540362,2.5499467000848224,0.050019670494894065,-0.10569382266817769,0.0,468.0906828245936,468.46823657107853,469.3679388163439,468.47341302845456
0.9600000000000005,-0.02452469559786251,0.09215155657640695,11.32876006757669,0.05774478295974372,6.268252116267927,0.0,-0.0389608843256845,0.2771899604234359,2.6680141342440526,0.07469358536104505,-0.11761816048398073,0.0,449.5478080476101,448.57005215896487,448.2069108138043,450.21007121822413
1.0200000000000005,-0.026577263115373454,0.10983676370744784,11.488947620530581,0.0657202464616411,6.262121973664266,0.0,-0.028930293081475187,0.3130336562545061,2.671503655341574,0.0529821359272318,-0.12943382733086436,0.0,413.3683151622391,412.3111554418753,413.60258071378695,411.6898133879499
1.0800000000000005,-0.02782824959896729,0.13010421520581825,11.65396134547067,0.06889241791048395,6.258696542783833,0.0,-0.01242567158291143,0.3628709235956472,2.828538352226946,0.05257550872781986,-0.1534889116185959,0.0,462.9303823939571,461.0169033294467,461.8876958525382,461.85733693416273
1.1400000000000006,-0.028099044424084025,0.1531398591007273,11.824181658063129,0.07211501239282825,6.249957279079606,0.0,0.004175273279826657,0.4052695618740748,2.8453805297051096,0.048275476758689255,-0.1622959374271918,0.0,418.52362555469136,417.7315006807956,418.6829193747653,418.3104826447834
1.2000000000000006,-0.027190308191866446,0.17884091700090196,11.99606795793733,0.07940355817613653,6.2408623255726425,0.0,0.026949691098354787,0.45211999636863764,2.8839710686698,0.024086513630218426,-0.1723615196412449,0.0,426.5283462061922,425.64030162755336,426.46773314287316,424.3975460347448
1.2600000000000007,-0.024644228099928146,0.2077371093295805,12.173437175191086,0.08429105727204789,6.241401219214797,0.0,0.05780282460476856,0.5116059840534172,3.0279064425728066,0.002526776271832905,-0.20971675186403083,0.0,460.3862910813625,457.38895624924567,460.88993865973896,459.1827320975595
1.3200000000000007,-0.020257959284379397,0.24021400892654074,12.358346335040116,0.08929919819765697,6.230917219866605,0.0,0.08949185627312967,0.5714155580475064,3.1353326135454975,0.02549750701699802,-0.1950019965870477,0.0,448.73487633874777,449.8871452028739,448.0486801065372,449.91228701749526
1.3800000000000008,-0.013788111386239622,0.27639300026312363,12.54891844964956,0.11421372341730329,6.219205074397518,0.0,0.1273210127710549,0.6370472059869722,3.2164921481335766,-0.02868929432121234,-0.19621271009903404,0.0,441.6758804732602,441.538455941718,444.4377681706742,439.97406301015155
1.4400000000000008,-0.005018265908057825,0.3165619149027366,12.741284892013578,0.11277446075303654,6.2092710892286895,0.0,0.16586211132469939,0.7017806148621698,3.1957144397658768,-0.02394873606435146,-0.1825111194889747,0.0,408.6774562294718,409.8577651107892,409.11936590220677,409.5410099557429
1.5000000000000009,0.006622329058649476,0.36115963797846096,12.937431238047695,0.11196821079521424,6.1983189164849914,0.0,0.22331986513239765,0.7846618434605472,3.341961691042387,-0.03393072080010431,-0.18483586323591783,0.0,463.0954279695851,462.88145578696765,463.9200967995363,463.1354854390593
1.560000000000001,0.021627965418246655,0.4102979021798119,13.138715822178908,0.11034870001272257,6.189513668345878,0.0,0.2776481931890311,0.8530956144706285,3.3673660721240886,-0.027961478191249393,-0.20263929087481516,0.0,426.0569412766244,424.4946678676247,426.6429133563308,427.1518667489467
1.620000000000001,0.04007143132718062,0.4635223080830266,13.341617513980195,0.10954710378238985,6.179337550549237,0.0,0.3380425398991976,0.9209329220594809,3.3958232398032937,-0.01883824358898875,-0.21931040330949692,0.0,428.3225651588153,426.857726434664,426.9784044708192,427.7559317078405
1.680000000000001,0.06262190272509018,0.5210891785956933,13.54886144117672,0.10889812275200406,6.1665788299839654,0.0,0.4149272115307055,0.9978136694333279,3.5117742092397872,-0.012344280261285595,-0.22754269523947204,0.0,455.601758356496,454.8954446660885,456.352857816146,456.87103117769067
1.740000000000001,0.08966334154807974,0.5828931403996674,13.759751618447726,0.10881739813364621,6.153481534070153,0.0,0.4875976202547147,1.062281706062164,3.517693036531625,-0.022523850799767674,-0.23699505516860403,0.0,422.17229594194146,421.2997193301098,422.0042851993211,421.1247010865946
1.8000000000000012,0.12155786635383788,0.6487885049332655,13.972904803219564,0.114628308415619,6.140607402339761,0.0,0.5767614703808067,1.134706343139633,3.5868959474837347,0.0056175850985730105,-0.2509604048982703,0.0,443.48362855830527,442.276316103743,441.80681759869486,444.1211824311675
1.8600000000000012,0.15866079069766956,0.7188037529589417,14.187412979417767,0.11562112147029158,6.125643402031944,0.0,0.6612594217809302,1.1991726306415693,3.563191205614753,0.01336918513509593,-0.2557228910687288,0.0,414.1384069629472,413.65005829840527,412.2673647908555,412.95165093611655
1.9200000000000013,0.20107133910565902,0.7926842925565494,14.400362466171172,0.11655053090998901,6.111382480865533,0.0,0.7536260135768166,1.263545011959058,3.5349348197268404,0.016257071854948128,-0.2454643381533814,0.0,411.3378966131888,412.1760820490002,412.3947566278881,412.6496917431287
1.9800000000000013,0.24979168585635786,0.8707863505776243,14.614577499958783,0.11758911410986528,6.098706750576396,0.0,0.8715837976067066,1.3398704248029025,3.605011097580964,0.018060220598997898,-0.23092752713541084,0.0,443.9004369254302,445.03403849327276,446.1253823274828,446.2725124222422
2.0400000000000014,0.30523978983407785,0.9531172226713697,14.829831330649927,0.12074893576417711,6.087831508250147,0.0,0.977563043566799,1.4047254630071269,3.5699275016597616,0.0010303243278914648,-0.25107887381571964,0.0,412.21891231500837,410.3726632847626,412.34734580510866,410.8399610394521
2.1000000000000014,0.36765478347276814,1.039622627270141,15.044983279254579,0.12151113350247389,6.072800416483606,0.0,1.1042760959954392,1.4787628155596562,3.6012940018982342,0.009076196031957952,-0.24993943725037568,0.0,434.9151812399204,434.9460816088442,433.7168817129428,434.3920901497971
2.1600000000000015,0.43873139549576695,1.131057954958054,15.265547379195821,0.13396364241998882,6.059100465173504,0.0,1.2663026426037525,1.57026193427811,3.7496575935267837,0.045696653637583344,-0.23861061649566342,0.0,472.47590106283167,473.2919434564379,471.4879860620784,474.30904445288246
2.2200000000000015,0.5185524550664063,1.227471869254646,15.489408155059328,0.1392547941866802,6.044977271477709,0.0,1.3955436679058402,1.6438865661694841,3.712002556223302,0.062028130406213314,-0.23484665311837502,0.0,414.7135107803308,414.983437342404,413.99359481372244,415.4301359399203
2.2800000000000016,0.6079360866581252,1.3292985466504394,15.717320861880134,0.1494620152587851,6.032558578368523,0.0,1.5851091941594249,1.7512651659831868,3.883730490875136,0.08875089933822883,-0.2218321705946468,0.0,482.76938260111604,483.7023037227355,482.6779335868488,484.6940402225359
2.3400000000000016,0.707520385527273,1.4369322100968818,15.94992597842158,0.15478092924645903,6.024740046899858,0.0,1.734992037064408,1.8368956334771813,3.869367352407995,0.08671097591217124,-0.19733517967631767,0.0,425.69276396431974,427.73702535083873,426.4326308491197,426.2651252551434
2.4000000000000017,0.8167675845000668,1.5500903942106852,16.18357802556224,0.15998033710803217,6.013203305345774,0.0,1.90753071147946,1.9353886894076011,3.9182338243081523,0.08448515248441342,-0.20468855910985187,0.0,449.0963067857385,448.4607193349044,448.69779339373105,448.5230550326175
2.4600000000000017,0.9370449288028643,1.669516256824404,16.421785824883294,0.165058990930258,6.005970560234843,0.0,2.102207130048749,2.045817684980254,4.021075372924113,0.08167634069614173,-0.23053285822133052,0.0,469.1338731959725,467.0801259827533,467.38855171208223,467.17489352302465
2.520000000000002,1.069039974385956,1.795597923851852,16.665738440379133,0.17052199173603455,5.999627581454064,0.0,2.298063581595254,2.1572642624554725,4.109749786327423,0.08877832888525228,-0.20173234573681917,0.0,463.08260450004946,465.29682388783795,466.08523703295066,466.6454347988724
2.580000000000002,1.212801644075568,1.9283978363063565,16.914530629237444,0.1778582712591792,5.987681927412709,0.0,2.4949318699079073,2.26992202032622,4.1821988366537655,0.07200248712332988,-0.2074545245432581,0.0,462.5720046794202,462.0821596465206,462.8511380905571,461.53419003906714
2.640000000000002,1.3690165544527388,2.068319200425436,17.168882308856993,0.1858031118179042,5.975341429324192,0.0,2.7132071175248016,2.394652954437056,4.29476100808263,0.09169229023481305,-0.20488018995002355,0.0,477.48236900799645,477.6400456156883,476.54284602810037,478.0502300062483
2.700000000000002,1.5374662476088932,2.215255807302495,17.426517302679287,0.19982702491364002,5.968051744202924,0.0,2.9021938082495113,2.5043346708257523,4.292212859720671,0.058489820537364026,-0.2306136023023899,0.0,444.02205369806103,441.8602572142607,444.6607466695872,441.93734041129716
2.760000000000002,1.7176026436417386,2.3690981257796464,17.68454048342412,0.20433275778062576,5.955316994305672,0.0,3.1032850922804105,2.6238928676142708,4.307588962497338,0.06828955059104447,-0.22025264930369268,0.0,450.86812357393654,451.6542143695136,450.56610644146593,451.36049451894695
2.820000000000002,1.9101844499574883,2.530267425162904,17.94388099006783,0.20842288160233657,5.945740314546001,0.0,3.3167275482131737,2.7485360581742837,4.33612089843607,0.06784483846615603,-0.20052421255126585,0.0,456.6643159122784,458.1919705561398,457.80464161829775,457.77259555598323
2.880000000000002,2.1171851562330013,2.699829030470933,18.208877041856816,0.21483257797068234,5.935955706290592,0.0,3.583813707737068,2.9038224786196993,4.495239668690865,0.04984800426561191,-0.21818962767825167,0.0,502.00248028956355,500.682152032911,501.6576971810674,500.3512968044842
2.940000000000002,2.3381430386927073,2.8774802084454323,18.477177724989865,0.22353982238148173,5.923135194199732,0.0,3.7822699106364617,3.018337427325295,4.447241563721726,0.0748660615364404,-0.22521756435763604,0.0,439.03922081934485,438.4067222569529,436.0655708911375,438.1533648410648
3.000000000000002,2.5707902758584176,3.0618607800292374,18.741438650994624,0.2281810846382415,5.911007837466354,0.0,3.9734065027238,3.1278269865184236,4.360885044140772,0.07806524582438452,-0.21346812799422987,0.0,425.6052846301431,426.55916656205494,426.38118980595516,426.65928437625274
3.0600000000000023,2.8156687227078354,3.253205703717885,19.00191413649958,0.23711427168659416,5.898958852872655,0.0,4.189913539560357,3.250770540616521,4.3206131611838705,0.09947784603775461,-0.20505001233107337,0.0,443.4787303395728,444.1260331640563,443.6857199289716,445.44659106984966
3.1200000000000023,3.075105823071401,3.4528637100828776,19.26328442197974,0.24347201833788645,5.895738567212703,0.0,4.45768827180409,3.4047527504340924,4.390488622414028,0.10521482698688014,-0.23928731817917373,0.0,483.91898654887825,481.2919558774422,483.55332122250576,483.9933624447425
3.1800000000000024,3.350016170186766,3.6614981812750083,19.527256680210677,0.255538148305976,5.887365135114944,0.0,4.706213191675783,3.550424731055229,4.407168153579729,0.13031675995665057,-0.26731248639902094,0.0,470.20530575854116,467.9701082337915,467.5992909442107,469.56189857794226
3.2400000000000024,3.6394047779029037,3.878704098745519,19.79077140506926,0.2665556994076681,5.873010122223853,0.0,4.940837372236376,3.69026124028213,4.37522123355665,0.1487440896331521,-0.2827794179277748,0.0,456.29379266172424,454.9839404369113,455.1906746493818,456.6799970949643
3.3000000000000025,3.943780454315797,4.1048465560376215,20.05371972590502,0.2758544280184747,5.856683344089262,0.0,5.205896628641455,3.848086765563056,4.387806892810066,0.14073634553795233,-0.29282687642523103,0.0,475.7840610720465,474.9367226865811,473.86778573481666,473.2702265956781
3.3600000000000025,4.263599648115694,4.340125142641325,20.315689122099013,0.28575320768243184,5.839247704840048,0.0,5.4556674776937255,3.9947948667927875,4.342833024749287,0.15280166235274575,-0.29821477924748996,0.0,460.6377819578818,460.126392927671,457.4505243529962,458.42942280133303
3.4200000000000026,4.599534543652801,4.58484836649513,20.576496946861344,0.3052608162213142,5.821503549829377,0.0,5.7429671016840524,4.163635037922214,4.348163369833651,0.18684517466375977,-0.30380918200853857,0.0,481.2378451059977,480.7298558433397,479.4479942940852,482.05169366339453
3.4800000000000026,4.953323268628636,4.840161057815088,20.83800615950592,0.31646797669984483,5.807924105181186,0.0,6.050369591744048,4.347035596821263,4.366498450935011,0.18463546637187442,-0.28136094404973694,0.0,489.9551880964483,491.54160668480847,491.16152867201026,491.0275874204193
3.5400000000000027,5.323212100160497,5.105065899979849,21.09572955482695,0.3275573003662915,5.79475389506851,0.0,6.27976809662909,4.483446130338895,4.223222088442503,0.18510349403218274,-0.2614247941561562,0.0,437.83403718045395,439.41279909836305,437.9953614771784,438.06795063404536
3.6000000000000028,5.707272134489288,5.378404427127804,21.34517476310021,0.3398311909251852,5.7790702793256745,0.0,6.522817486349211,4.628143199826834,4.090209052562228,0.17200419576946893,-0.26391846243567507,0.0,445.2650210118351,444.9917410079295,445.67671731719025,444.6359991346787
3.660000000000003,6.1055181346680465,5.66016922205925,21.585491286855515,0.35079400626243995,5.764041851748665,0.0,6.7525908153446155,4.764221310029905,3.9192688790389965,0.17966588722531399,-0.27503219259419664,0.0,433.51726913283346,432.5076739327228,434.6269484425096,435.29885940708755
3.720000000000003,6.5183699663615435,5.950577906245557,21.81651396366045,0.36296915973529664,5.753204169807839,0.0,7.0092824294829414,4.916351085774643,3.7802144445567394,0.1654698468290998,-0.25013512979706465,0.0,448.5333835339324,450.4807226062357,449.5979613442912,448.475087964641
3.780000000000003,6.946597668910935,6.250126572287106,22.03884035337818,0.374574992931608,5.738438925725545,0.0,7.2653370939723905,5.0687036766324125,3.629225748513088,0.17850807684965747,-0.24580621849915757,0.0,447.87102867189355,448.16167878067284,447.5949446305693,448.6825042105129
3.840000000000003,7.39051392914287,6.55899146966528,22.25221590012968,0.3854243137394233,5.725279482014475,0.0,7.532052695858284,5.226813588973149,3.481848850442752,0.18156165935252605,-0.23314731134919242,0.0,452.39109749488506,453.3525233521485,453.48545664310205,453.7611624362387
3.900000000000003,7.850265954968069,6.877257579475186,22.4561883116646,0.4033224101505706,5.7178311073102925,0.0,7.79275319959097,5.382645773785254,3.315894621924543,0.15134380594490943,-0.20630783874161324,0.0,448.3813984211816,450.5081814490139,451.14596262077936,448.726549753131
3.960000000000003,8.326124867637182,7.2052891639220125,22.65067168281387,0.4181277259231706,5.7055958333376715,0.0,8.069147046913747,5.55188331802962,3.1651841520429875,0.17638020194831985,-0.20319334144747817,0.0,459.42152497721725,459.6286320651112,458.3789623347494,460.3882869184601
4.020000000000002,8.81821471737614,7.543286740734055,22.835308107860236,0.42891194739125016,5.693910543805345,0.0,8.333787108662266,5.714612337067537,2.9880465148712645,0.17011821576253025,-0.2122814677156209,0.0,453.6165596139712,452.8449633307744,453.41261975190554,452.937664118584
4.080000000000001,9.327663114152452,7.891949860309324,23.01106471499011,0.43922363968991096,5.681167316048434,0.0,8.647540584772448,5.907113217623582,2.8684886221400987,0.1651761575823205,-0.21265665584528787,0.0,479.333113817901,479.26370071609193,480.7960997856137,480.4462298297436
4.14,9.85476559310232,8.251419954315542,23.177831087262746,0.45063840935576494,5.675835979153055,0.0,8.921927599439806,6.0752603883909915,2.6893635838123178,0.1504863420266849,-0.24373807798301197,0.0,462.2645457501331,459.7602701190747,461.352005879682,460.21368466299396
4.199999999999998,10.396833145301587,8.620102069465824,23.33181913660179,0.46584146523819747,5.662366245617315,0.0,9.147031561092561,6.214184969435946,2.4424275933165145,0.17653058664832458,-0.25677150102769436,0.0,436.1480333090167,434.99452119319,434.4372605284567,436.64111349796707
4.259999999999997,10.953871653383052,8.998035919426174,23.47255581860267,0.48007663356731367,5.647055371461526,0.0,9.420755907309042,6.383325677109329,2.246883520649662,0.15438567262838093,-0.25438241771832293,0.0,460.17461398114904,460.30040761679265,463.64720780888234,461.9296343119738
4.319999999999996,11.526655493304128,9.385653557394873,23.600417350896524,0.49378928829821334,5.632255210862301,0.0,9.671903959471308,6.536987959913428,2.0136390220228955,0.13004634828895095,-0.2631325656716979,0.0,451.13052811686595,450.35753107473533,451.27451629440134,449.3245074723778
4.379999999999995,12.116131411146315,9.783507705276309,23.71599069346272,0.5042901112725939,5.638875778467742,0.0,9.975651637968076,6.724971518978039,1.8383879030546073,0.11081205680295396,-0.2124646083074787,0.0,476.9128866798517,480.7130191903665,479.02079365553755,477.5680156997093
4.439999999999993,12.720519608072307,10.190699002605564,23.81743251852761,0.5113015678153658,5.626244163987197,0.0,10.170730091719834,6.847717649828009,1.5425927041354213,0.1029054179633069,-0.2097424153193588,0.0,426.5178123510982,426.70420169037516,427.4160051367097,426.7521220695828
4.499999999999992,13.338056497448362,10.606085064795852,23.902651269928864,0.518624743029382,5.614480061618888,0.0,10.413552001655871,6.997890110520755,1.2971069766214205,0.11350742867494812,-0.2209386781392951,0.0,451.96208814998005,451.01415218409954,451.34420955941056,452.20917088070007
4.559999999999991,13.972724825223711,11.031993851772809,23.97580995716133,0.5255416043453556,5.601301337881317,0.0,10.741248410368062,7.197892556190125,1.1394697326005612,0.1160765252858787,-0.21886065698004986,0.0,493.509296084602,493.6199973169774,492.9094563758491,493.1096006774311
4.6199999999999894,14.622034156990697,11.46667373340364,24.033958769487853,0.5330500363278228,5.588227024416705,0.0,10.902609886290076,7.291149554716409,0.798756007524171,0.12304292244723741,-0.22294706382842835,0.0,414.495624866974,414.08424637960303,413.7673671444464,414.39425562272504
4.679999999999988,15.28445523971727,11.90897620479886,24.07516293144649,0.5428904441107543,5.583340458323086,0.0,11.177095595427055,7.451817403713833,0.5737874655478251,0.10462643203361331,-0.19220680179526806,0.0,469.2836254513718,471.6229648909419,470.74835742493144,469.3319275351794
4.739999999999987,15.958200385890873,12.357778653296037,24.09766890065325,0.5495796596706555,5.571979445406171,0.0,11.281589458996443,7.508252569098296,0.17709080774275582,0.09629575894226772,-0.1887165612660295,0.0,385.78245266224724,386.0704836026963,387.46458935370276,386.69081367839004
4.799999999999986,16.642453011666724,12.81246841989177,24.100594677981782,0.5553623580511182,5.56270827825071,0.0,11.526225790656905,7.647333189748366,-0.08022401693753352,0.09652196560504353,-0.20565514711574137,0.0,457.85965267530406,456.47361333951227,456.20901824917973,456.2347455649614
4.859999999999984,17.341286866049092,13.275368376793718,24.08797538170236,0.5613279649134837,5.554080214888199,0.0,11.767576425023458,7.781950362703849,-0.3410098903307911,0.0905931442246413,-0.2279940432069147,0.0,457.9384219153558,456.1135852943693,457.4297609066942,456.9644658277965
4.919999999999983,18.057061541188062,13.7477297143805,24.06202356736606,0.566790538118962,5.542778349484649,0.0,12.09034266031522,7.962046579203461,-0.5257243330798634,0.0872293757289167,-0.2461301016834335,0.0,495.2087060908729,493.82366375874125,496.00864511706885,495.7672066679353
4.979999999999982,18.78779799308708,14.228200099663507,24.02084105335038,0.5800474636372179,5.535542566952472,0.0,12.26710618763632,8.05343831540675,-0.8472475775211337,0.11708065869712249,-0.2774197963350815,0.0,435.29642823149885,432.60044676914265,431.6419896791184,434.1636515451102
5.0399999999999805,19.529298239322152,14.714231153321647,23.960504091765763,0.5909890452276017,5.519071576671198,0.0,12.449271509847518,8.146793197451622,-1.164913586326832,0.09416704020332274,-0.27389430600030396,0.0,437.45708053399284,437.6722240067858,437.78988428430387,435.88895995548756
